11669
39369
5718
18861
47781
32614
20215
44758
13849
10593
30653
6420
52406
60317
47284
38474
24224
11336
19058
52321
44994
20253
62192
14520
62527
57697
11573
4368
23737
56580
28464
54045
52358
43689
60196
13956
16308
34376
59160
4513
29040
9184
12736
37164
36605
50191
13187
4036
6657
53335
52530
13780
64783
7158
44899
49538
33508
9987
22374
4430
15894
9009
65033
33737
60436
63610
18846
50022
45185
26915
58567
40457
52046
21515
57305
11331
18231
48867
18086
58519
42660
45250
47420
55277
17878
19085
7960
52391
22768
170
16814
37267
8232
43473
52116
40852
35802
48963
42023
51399
21764
8849
26131
33985
39769
3423
43126
39867
43522
41927
14594
9712
19647
53585
25744
24260
38882
33918
28549
36753
53955
36267
47561
25207
42718
52665
12063
619
18381
62930
27466
48514
7217
36381
45899
24387
11758
55539
19307
20307
32619
19637
61113
45614
28083
17238
34071
65411
28086
24161
